File: ../assets/articles.txt
Number of documents: 92
Min sentences: 3
Max sentences: 212
Avg sentences: 39.858695652173914
Total sentences: 3667.0
Min tokens: 51
Max tokens: 4990
Avg tokens: 910.6195652173913
Total tokens: 83777.0

Avg sentence lengths by the number of all tokens: 4.7577134120550883E-4
--- Avg sentence lengths by the number of per doc tokens ---
Doc-LA010190-0001: 0.058823529411764705
Doc-LA010190-0002: 0.02677532013969732
Doc-LA010190-0003: 0.055793991416309016
Doc-LA010190-0004: 0.05642633228840126
Doc-LA010190-0005: 0.03954802259887006
Doc-LA010190-0006: 0.050955414012738856
Doc-LA010190-0007: 0.06584362139917696
Doc-LA010190-0008: 0.055232558139534885
Doc-LA010190-0009: 0.0784313725490196
Doc-LA010190-0010: 0.044722719141323794
Doc-LA010190-0011: 0.03627450980392157
Doc-LA010190-0012: 0.07936507936507936
Doc-LA010190-0013: 0.041666666666666664
Doc-LA010190-0014: 0.03482587064676617
Doc-LA010190-0015: 0.024390243902439025
Doc-LA010190-0016: 0.047619047619047616
Doc-LA010190-0017: 0.050955414012738856
Doc-LA010190-0018: 0.041719342604298354
Doc-LA010190-0019: 0.06878672658140339
Doc-LA010190-0020: 0.05196850393700787
Doc-LA010190-0021: 0.031051517290049402
Doc-LA010190-0022: 0.04219409282700422
Doc-LA010190-0023: 0.05512282804074296
Doc-LA010190-0024: 0.04112377850162866
Doc-LA010190-0025: 0.037383177570093455
Doc-LA010190-0026: 0.04044117647058824
Doc-LA010190-0027: 0.033542976939203356
Doc-LA010190-0028: 0.05063291139240506
Doc-LA010190-0029: 0.041666666666666664
Doc-LA010190-0030: 0.04448398576512456
Doc-LA010190-0031: 0.04275534441805225
Doc-LA010190-0032: 0.04013377926421405
Doc-LA010190-0033: 0.03189066059225513
Doc-LA010190-0034: 0.041666666666666664
Doc-LA010190-0035: 0.0449438202247191
Doc-LA010190-0036: 0.043478260869565216
Doc-LA010190-0037: 0.036585365853658534
Doc-LA010190-0038: 0.03948312993539124
Doc-LA010190-0039: 0.04233870967741935
Doc-LA010190-0040: 0.033950617283950615
Doc-LA010190-0041: 0.04477611940298507
Doc-LA010190-0042: 0.053227633069082674
Doc-LA010190-0043: 0.06406926406926407
Doc-LA010190-0044: 0.03577235772357724
Doc-LA010190-0045: 0.04755043227665706
Doc-LA010190-0046: 0.054163298302344384
Doc-LA010190-0047: 0.03386454183266932
Doc-LA010190-0048: 0.037422037422037424
Doc-LA010190-0049: 0.03821656050955414
Doc-LA010190-0050: 0.06542056074766354
Doc-LA010190-0051: 0.07142857142857142
Doc-LA010190-0052: 0.057692307692307696
Doc-LA010190-0053: 0.04918032786885246
Doc-LA010190-0054: 0.038917089678511
Doc-LA010190-0055: 0.048458149779735685
Doc-LA010190-0056: 0.0404587448231921
Doc-LA010190-0057: 0.03880597014925373
Doc-LA010190-0058: 0.0684931506849315
Doc-LA010190-0059: 0.05643044619422572
Doc-LA010190-0060: 0.05263157894736842
Doc-LA010190-0061: 0.040145985401459854
Doc-LA010190-0062: 0.03484995159728945
Doc-LA010190-0063: 0.04405413187446012
Doc-LA010190-0064: 0.0327313769751693
Doc-LA010190-0065: 0.05263157894736842
Doc-LA010190-0066: 0.030390738060781478
Doc-LA010190-0067: 0.0367816091954023
Doc-LA010190-0068: 0.044642857142857144
Doc-LA010190-0069: 0.03550295857988166
Doc-LA010190-0070: 0.03333333333333333
Doc-LA010190-0071: 0.03853325046612803
Doc-LA010190-0072: 0.03333333333333333
Doc-LA010190-0073: 0.04670912951167728
Doc-LA010190-0074: 0.04326923076923077
Doc-LA010190-0075: 0.04310344827586207
Doc-LA010190-0076: 0.04536616979909268
Doc-LA010190-0077: 0.040927694406548434
Doc-LA010190-0078: 0.046586345381526104
Doc-LA010190-0079: 0.05825242718446602
Doc-LA010190-0080: 0.09259259259259259
Doc-LA010190-0081: 0.04248496993987976
Doc-LA010190-0082: 0.043586550435865505
Doc-LA010190-0083: 0.043478260869565216
Doc-LA010190-0084: 0.049204052098408106
Doc-LA010190-0085: 0.06682577565632458
Doc-LA010190-0086: 0.04332992152848857
Doc-LA010190-0087: 0.029265599116510214
Doc-LA010190-0088: 0.03592314118629908
Doc-LA010190-0089: 0.043010752688172046
Doc-LA010190-0090: 0.0425531914893617
Doc-LA010190-0091: 0.04275862068965517
Doc-LA010190-0092: 0.03434739941118744
